REPORT PATTERN 1
b3a4e8d6696079bc01ce1516009c45987eb617db479916649bbaf4c2944d2459011000e965f113ee80e1dccb6a87b85cb043ea5b28d348a6b273529ee67f2e37493dc36a152a2c98c44813b91c754e92432201e4939426aa057d3a0fae161319c8bf66a69e922024bb22712eb760166f99b65097ae0d771300c61e0340c5e23a1790df994266f72ac7682c2ee8632b4c08fa692e8bcf2bcbee19e88f6dfd50cf9873556944e37159e343d1fbd52ae086e8883028a6f7b13cb963ec91671698b15fd6754add93c700beb340df0defff13ec800
Number of times the pattern was found: 151
Number of comparisons: 10691469
Positions: 
151388
258256
288335
311481
371169
422690
445378
463381
560525
586554
624532
630104
785250
787852
816199
924675
942227
962393
1009410
1146850
1209604
1239698
1303919
1359977
1425647
1489241
1534838
1639789
1695572
1774086
1997186
2019662
2038017
2274919
2306574
2381471
2396519
2470737
2496441
2510789
2545113
2607858
2762543
2765006
2883545
2969880
3041809
3093222
3094514
3138776
3331570
3410247
3559379
3568876
3583391
3593890
3633234
3687950
3751906
3772764
3835093
3852426
3980158
4034992
4045830
4226668
4263054
4282580
4285414
4387933
4407916
4547847
4637699
4644613
4735216
4830493
4841810
4877798
5143815
5180038
5187240
5276346
5380746
5480081
5556001
5567675
5580896
5616323
5760552
5789971
5894541
5964509
6055523
6225094
6366054
6396851
6521338
6544654
6558388
6873547
6899241
7108830
7205607
7209191
7218160
7235986
7273162
7293387
7429955
7502879
7774209
7790669
7897012
8034593
8225314
8276663
8299725
8410445
8424000
8465193
8613313
8651979
8724911
8757549
8840462
8921020
8925957
8961809
9054743
9088532
9108718
9318515
9323580
9332077
9355253
9447624
9473312
9506425
9513302
9514601
9550789
9715884
9814271
9821823
9823405
9858333
9901170
9909966
9913729
10050402
10059637
